###
### KROA
###

# regret - 100
33199
[7, 25, 75, 32, 12, 40, 94, 99, 70, 36, 4, 47, 51, 77, 95, 81, 13, 42, 2, 29, 38, 45, 28, 1, 43, 49, 84, 33, 67, 72, 53, 82, 54, 39, 63, 26, 34, 11, 85, 6, 8, 68, 19, 56, 80, 24, 86, 50, 61, 60, 7]
39202
[21, 25, 75, 32, 12, 40, 94, 99, 70, 36, 4, 47, 51, 77, 95, 81, 13, 42, 2, 29, 38, 45, 28, 1, 69, 98, 65, 93, 64, 15, 87, 3, 23, 37, 17, 52, 35, 78, 18, 96, 55, 79, 30, 83, 74, 88, 89, 9, 58, 41, 21]
35480.08

# regret - rand10
81 :	 34339
47 :	 35565
10 :	 34185
10 :	 34185
66 :	 33208
35 :	 35243
96 :	 33208
44 :	 34111
5 :	 33741
94 :	 36159
33208
[66, 25, 75, 32, 12, 40, 94, 99, 70, 36, 4, 47, 51, 77, 95, 81, 13, 42, 2, 29, 38, 45, 28, 1, 43, 49, 84, 33, 67, 72, 53, 82, 54, 39, 63, 26, 34, 11, 85, 6, 8, 68, 19, 56, 80, 24, 86, 50, 61, 60, 66]
36159
[94, 75, 32, 12, 40, 25, 99, 70, 36, 4, 47, 51, 77, 95, 81, 13, 42, 2, 29, 38, 45, 28, 1, 49, 43, 84, 33, 67, 72, 53, 82, 54, 39, 63, 26, 34, 11, 85, 6, 8, 68, 19, 56, 80, 86, 24, 50, 61, 60, 59, 94]
34394.4

# greedy - 100
11284
[58, 73, 20, 71, 9, 83, 35, 37, 23, 17, 78, 89, 48, 5, 62, 46, 10, 16, 14, 31, 44, 90, 97, 22, 59, 76, 61, 19, 85, 34, 26, 11, 56, 6, 8, 86, 50, 57, 92, 27, 0, 91, 7, 74, 18, 52, 87, 15, 21, 93, 58]
18139
[18, 74, 96, 3, 64, 65, 52, 78, 89, 48, 5, 62, 91, 7, 55, 79, 30, 41, 88, 0, 9, 83, 17, 87, 15, 21, 69, 93, 23, 37, 35, 71, 20, 73, 58, 10, 46, 31, 90, 97, 22, 44, 14, 16, 98, 25, 27, 92, 66, 57, 18]
14313.55

# greedy - rand(10)
33 :	 16033
15 :	 15652
99 :	 14763
80 :	 14494
4 :	     14555
7 :	     13944
11 :	 14392
16 :	 12868
39 :	 16157
8 :	 13857
12868
[16, 14, 10, 31, 44, 90, 97, 22, 46, 20, 73, 58, 71, 9, 83, 35, 37, 23, 17, 78, 89, 48, 5, 62, 0, 92, 27, 57, 76, 59, 61, 34, 85, 19, 26, 11, 56, 6, 8, 86, 50, 60, 24, 80, 66, 91, 7, 74, 18, 52, 16]
16157
[39, 63, 53, 1, 43, 72, 68, 80, 24, 60, 50, 86, 67, 49, 84, 38, 29, 95, 77, 51, 4, 36, 81, 94, 12, 75, 32, 66, 57, 27, 92, 0, 7, 41, 88, 30, 79, 55, 91, 62, 5, 48, 74, 96, 18, 89, 46, 90, 97, 22, 39]
14671.5

###
### KROB
###

# regret - 100
33490
[76, 43, 50, 30, 40, 47, 91, 18, 62, 16, 35, 95, 44, 12, 77, 14, 81, 1, 17, 32, 41, 23, 15, 63, 5, 13, 3, 82, 54, 49, 22, 21, 87, 88, 65, 86, 42, 59, 73, 51, 53, 66, 46, 80, 4, 69, 57, 83, 6, 78, 76]
38305
[69, 43, 50, 30, 40, 47, 91, 18, 62, 16, 35, 95, 44, 12, 77, 14, 81, 1, 32, 17, 41, 23, 15, 63, 5, 13, 76, 3, 82, 54, 49, 22, 21, 87, 88, 65, 86, 42, 59, 73, 66, 51, 53, 46, 80, 4, 57, 83, 6, 78, 69]
35216.93

# regret 10
21 :	 34393
92 :	 35504
10 :	 35424
34 :	 35087
81 :	 36628
50 :	 36501
47 :	 35001
72 :	 37111
64 :	 33947
44 :	 35488
33947
[64, 43, 50, 30, 40, 47, 91, 18, 62, 16, 35, 95, 44, 12, 77, 14, 81, 1, 17, 32, 41, 23, 15, 63, 5, 13, 76, 3, 82, 54, 49, 22, 21, 87, 88, 65, 86, 42, 59, 73, 51, 53, 66, 46, 80, 4, 69, 78, 55, 61, 64]
37111
[72, 43, 50, 30, 40, 47, 91, 18, 62, 16, 35, 95, 44, 12, 77, 14, 81, 1, 32, 17, 41, 63, 15, 23, 5, 13, 76, 3, 82, 54, 49, 22, 21, 87, 88, 65, 86, 42, 59, 73, 66, 51, 53, 46, 80, 4, 69, 38, 27, 90, 72]
35508.4

# greedy - 100
10417
[45, 24, 8, 26, 70, 11, 89, 20, 0, 94, 97, 31, 28, 7, 98, 58, 75, 96, 90, 27, 2, 10, 92, 84, 72, 9, 67, 85, 48, 37, 19, 79, 29, 74, 68, 25, 99, 55, 78, 64, 71, 36, 33, 56, 93, 60, 34, 6, 83, 57, 45]
20202
[12, 77, 1, 41, 62, 30, 47, 81, 63, 13, 15, 76, 17, 44, 16, 35, 40, 95, 91, 18, 23, 49, 54, 42, 88, 82, 32, 14, 5, 3, 86, 59, 73, 65, 51, 53, 87, 21, 22, 43, 50, 57, 83, 6, 56, 93, 33, 26, 60, 34, 12]
14169.5

# greedy - rand 10
66 :	 12815
94 :	 11553
63 :	 16522
99 :	 13911
51 :	 14797
45 :	 10417
46 :	 13421
10 :	 12549
78 :	 12395
46 :	 13421
10417
[45, 24, 8, 26, 70, 11, 89, 20, 0, 94, 97, 31, 28, 7, 98, 58, 75, 96, 90, 27, 2, 10, 92, 84, 72, 9, 67, 85, 48, 37, 19, 79, 29, 74, 68, 25, 99, 55, 78, 64, 71, 36, 33, 56, 93, 60, 34, 6, 83, 57, 45]
16522
[63, 13, 41, 81, 32, 14, 5, 82, 3, 86, 88, 42, 49, 15, 1, 12, 77, 62, 47, 30, 50, 76, 23, 17, 44, 16, 35, 40, 95, 91, 18, 43, 54, 21, 22, 87, 53, 51, 59, 73, 65, 56, 6, 83, 57, 33, 93, 60, 34, 26, 63]
13180.1

new best scores for regret / new alg

kroa
[84,67,38,4,32,94,81,49,1,63,88,41,30,79,55,96,3,25,64,65,69,18,78,89,62,17,23,37,98,35,9,46,58,10,31,44,76,59,61,50,86,19,34,42,45,2,40,99,13,29,84]
18679

krob
[1,15,65,34,42,70,11,89,94,97,28,31,75,96,90,27,10,92,84,20,72,52,69,38,39,66,29,74,55,80,46,36,53,87,54,76,23,18,43,40,16,62,47,50,14,32,81,63,13,41,1]
19830


